61
74
1
101
40
229
103
43
30
54
81
162
161
29
241
143
226
209
201
36
181
52
176
38
30
220
171
76
233
209
121
45
154
130
250
21
140
234
197
137
76
141
6
154
240
44
127
154
36
72
237
136
34
110
85
132
200
117
204
203
242
80
36
170
175
106
83
129
214
222
66
37
120
127
225
132
17
197
118
26
85
135
211
102
94
232
214
152
201
167
246
110
147
186
4
148
208
196
40
222
68
226
75
212
196
132
196
154
1
97
98
53
79
49
91
103
247
29
65
45
159
112
143
97
54
192
194
63
71
31
146
132
7
234
103
139
30
252
184
242
1
224
112
120
211
221
18
129
164
76
34
158
22
47
241
183
16
185
204
244
156
177
83
193
211
245
16
193
189
194
242
55
228
179
140
124
76
54
245
206
250
116
229
27
246
62
59
6
244
159
166
220
120
8
39
243
18
90
43
65
83
234
8
249
29
232
10
236
100
203
77
114
6
100
77
200
82
223
176
197
208
41
236
124
152
91
177
114
61
101
140
211
113
119
54
96
60
62
111
173
7
19
134
105
70
87
200
38
100
179
5
178
29
72
55
65
235
197
124
112
128
70
168
188
107
196
172
196
27
236
180
19
140
15
69
240
135
172
79
177
1
121
152
12
201
69
248
11
118
161
133
35
23
39
3
226
212
198
53
50
68
176
243
93
232
107
196
83
108
101
32
147
117
181
67
172
79
206
169
106
47
218
246
44
27
61
138
227
5
36
241
149
253
254
210
242
194
194
253
125
29
154
112
79
5
220
38
34
43
252
2
59
2
31
54
246
62
186
155
206
219
136
69
80
6
235
251
110
17
118
81
162
146
203
168
207
108
252
95
196
